1749605806
290934651
1945173367
1793167292
272702102
2080627695
1961459714
474666992
1357981149
661783701
209466417
1175147282
598070370
404547213
1174419119
2132196360
2056230259
2139884402
2072082348
2078109053
338471504
1558727304
2084332121
2106917019
2055500373
235926313
1042336268
1713919276
1718589230
637865885
304698606
10272454
905725464
241515709
1966527063
1373881347
1701252276
1886415446
2060494293
1081607364
1408192422
1713538653
76690247
775872960
1823491298
455104038
2005735222
1463208467
1457572653
856284451
